//header
EBO:true
UseColor:false
UseTextCoord:true
//end header
//vertex
-1.0 -1.0 1.0
1.0 -1.0 1.0
-1.0 1.0 1.0
1.0 1.0 1.0
1.0 -1.0 1.0
1.0 -1.0 -1.0
1.0 1.0 1.0
1.0 1.0 -1.0
1.0 -1.0 -1.0
-1.0 -1.0 -1.0
1.0 1.0 -1.0
-1.0 1.0 -1.0
-1.0 -1.0 -1.0
-1.0 -1.0 1.0
-1.0 1.0 -1.0
-1.0 1.0 1.0
-1.0 -1.0 -1.0
1.0 -1.0 -1.0
-1.0 -1.0 1.0
1.0 -1.0 1.0
-1.0 1.0 1.0
1.0 1.0 1.0
-1.0 1.0 -1.0
1.0 1.0 -1.0
//end vertex
//indicate
0 1 3 0 3 2
4 5 7 4 7 6
8 9 11 8 11 10
12 13 15 12 15 14
16 17 19 16 19 18
20 21 23 20 23 22
//end indicate
//textcoord
0.0 1.0
1.0 1.0
0.0 0.0
1.0 0.0
0.0 1.0
1.0 1.0
0.0 0.0
1.0 0.0
0.0 1.0
1.0 1.0
0.0 0.0
1.0 0.0
0.0 1.0
1.0 1.0
0.0 0.0
1.0 0.0
0.0 1.0
1.0 1.0
0.0 0.0
1.0 0.0
0.0 1.0
1.0 1.0
0.0 0.0
1.0 0.0
//path:data\awesomeface.tga
//end textcoord
//shader
vertex:Shaders\shaderColor.vert
fragment:Shaders\shaderColor.frag
//end shader